id;first_name;last_name;middle_name;birth_date
1;Arlie;Robel;synthesize payment;2023-06-22
2;Abdullah;Lebsack;context-sensitive;2023-06-21
3;Aron;Barrows;Checking Account Summit;2023-06-21
4;Jerel;Mosciski;Applications;2023-06-22
5;Hal;Gibson;Berkshire;2023-06-21
6;Abbey;Thiel;redundant;2023-06-21
7;Leonie;Koss;Finland Soft leading edge;2023-06-21
8;Lorenzo;Volkman;withdrawal Gorgeous Steel Shoes;2023-06-21
9;Sidney;Stamm;deliverables Regional;2023-06-21
10;Carley;Cronin;Quality;2023-06-21
